2.178021999999999991e+02 0.000000000000000000e+00
2.178127000000000066e+02 0.000000000000000000e+00
2.178232000000000141e+02 1.188665000000000079e-05
2.178336999999999932e+02 0.000000000000000000e+00
2.178442000000000007e+02 1.188665000000000079e-05
2.178547000000000082e+02 2.377330000000000158e-05
2.178651999999999873e+02 1.188665000000000079e-05
2.178756999999999948e+02 2.377330000000000158e-05
2.178862000000000023e+02 1.188665000000000079e-05
2.178967000000000098e+02 3.565994999999999728e-05
2.179071999999999889e+02 4.754660000000000315e-05
2.179176999999999964e+02 3.565994999999999728e-05
2.179282000000000039e+02 5.943324000000000155e-05
2.179387000000000114e+02 9.509319000000000560e-05
2.179491999999999905e+02 4.754660000000000315e-05
2.179596999999999980e+02 1.188665000000000045e-04
2.179702000000000055e+02 9.509319000000000560e-05
2.179807999999999879e+02 2.020729999999999879e-04
2.179911999999999921e+02 1.664131000000000009e-04
2.180016999999999996e+02 2.615062999999999936e-04
2.180122000000000071e+02 2.971661999999999806e-04
2.180227999999999895e+02 3.209395000000000195e-04
2.180331999999999937e+02 5.348991999999999896e-04
2.180437000000000012e+02 5.348991999999999896e-04
2.180542000000000087e+02 8.439520999999999525e-04
2.180646999999999878e+02 9.271585999999999630e-04
2.180751999999999953e+02 1.069798000000000060e-03
2.180857000000000028e+02 1.117345000000000057e-03
2.180962000000000103e+02 1.414511000000000024e-03
2.181066999999999894e+02 1.735451000000000051e-03
2.181171999999999969e+02 2.151483000000000041e-03
2.181277000000000044e+02 2.496196000000000005e-03
2.181382000000000119e+02 3.138075000000000152e-03
2.181486999999999910e+02 3.886933999999999875e-03
2.181591999999999985e+02 4.338627000000000282e-03
2.181697000000000060e+02 4.980505999999999996e-03
2.181802999999999884e+02 6.383129999999999880e-03
2.181906999999999925e+02 7.001236000000000091e-03
2.182012000000000000e+02 8.796119999999999287e-03
2.182117000000000075e+02 1.017497000000000019e-02
2.182222999999999900e+02 1.194607999999999955e-02
2.182326999999999941e+02 1.453737000000000085e-02
2.182432000000000016e+02 1.646301000000000014e-02
2.182537000000000091e+02 1.850751000000000132e-02
2.182642999999999915e+02 2.277482000000000117e-02
2.182746999999999957e+02 2.605553000000000036e-02
2.182852000000000032e+02 3.077453000000000133e-02
2.182957000000000107e+02 3.498240999999999851e-02
2.183061999999999898e+02 4.058102000000000237e-02
2.183166999999999973e+02 4.520492999999999734e-02
2.183272000000000048e+02 5.320463999999999749e-02
2.183377000000000123e+02 6.185812000000000255e-02
2.183481999999999914e+02 6.828879999999999673e-02
2.183586999999999989e+02 7.738208000000000586e-02
2.183692000000000064e+02 8.938759999999999761e-02
2.183797999999999888e+02 1.025936999999999960e-01
2.183901999999999930e+02 1.160256000000000065e-01
2.184007000000000005e+02 1.300994000000000039e-01
2.184112000000000080e+02 1.462770999999999932e-01
2.184217999999999904e+02 1.632512000000000130e-01
2.184321999999999946e+02 1.817230999999999985e-01
2.184427000000000021e+02 2.039391999999999872e-01
2.184532000000000096e+02 2.269874000000000058e-01
2.184637999999999920e+02 2.522109000000000156e-01
2.184741999999999962e+02 2.734760999999999997e-01
2.184847000000000037e+02 3.021229999999999749e-01
2.184952000000000112e+02 3.313879000000000130e-01
2.185057999999999936e+02 3.624595999999999929e-01
2.185161999999999978e+02 3.912609000000000226e-01
2.185267000000000053e+02 4.237589999999999968e-01
2.185372999999999877e+02 4.603698999999999986e-01
2.185476999999999919e+02 4.922736999999999807e-01
2.185581999999999994e+02 5.249620000000000397e-01
2.185687000000000069e+02 5.682768999999999737e-01
2.185792999999999893e+02 6.011077999999999699e-01
2.185896999999999935e+02 6.337129000000000234e-01
2.186002000000000010e+02 6.730458000000000274e-01
2.186107000000000085e+02 7.025365999999999556e-01
2.186212999999999909e+02 7.351298000000000554e-01
2.186316999999999950e+02 7.660706999999999933e-01
2.186422000000000025e+02 7.968334000000000250e-01
2.186527000000000100e+02 8.286658000000000079e-01
2.186632999999999925e+02 8.476725999999999983e-01
2.186736999999999966e+02 8.801826000000000372e-01
2.186842000000000041e+02 9.007583999999999591e-01
2.186947000000000116e+02 9.150937000000000099e-01
2.187052999999999940e+02 9.263266000000000000e-01
2.187156999999999982e+02 9.418385999999999703e-01
2.187262000000000057e+02 9.579569000000000001e-01
2.187367999999999881e+02 9.663370000000000015e-01
2.187472999999999956e+02 9.736711000000000116e-01
2.187576999999999998e+02 9.713888000000000522e-01
2.187682000000000073e+02 9.818729000000000484e-01
2.187787999999999897e+02 9.869603000000000126e-01
2.187891999999999939e+02 9.862115000000000187e-01
2.187997000000000014e+02 9.879113000000000477e-01
2.188102000000000089e+02 9.858430000000000248e-01
2.188207999999999913e+02 9.925232999999999972e-01
2.188311999999999955e+02 9.872693999999999637e-01
2.188417000000000030e+02 9.902647999999999451e-01
2.188522000000000105e+02 9.854270000000000529e-01
2.188627999999999929e+02 9.923450000000000326e-01
2.188731999999999971e+02 9.902292000000000316e-01
2.188837000000000046e+02 9.924994999999999790e-01
2.188942000000000121e+02 9.902767000000000097e-01
2.189047999999999945e+02 9.852130000000000054e-01
2.189151999999999987e+02 9.938784000000000507e-01
2.189257000000000062e+02 9.920835000000000070e-01
2.189362999999999886e+02 9.917030999999999485e-01
2.189467999999999961e+02 9.884817999999999660e-01
2.189572000000000003e+02 9.950075999999999921e-01
2.189677000000000078e+02 9.954950000000000188e-01
2.189782999999999902e+02 9.947460999999999665e-01
2.189886999999999944e+02 9.933077999999999630e-01
2.189992000000000019e+02 9.866631999999999625e-01
2.190097000000000094e+02 1.000000000000000000e+00
2.190202999999999918e+02 9.890286000000000355e-01
2.190306999999999960e+02 9.925945999999999936e-01
2.190412000000000035e+02 9.925114000000000436e-01
2.190517000000000110e+02 9.903123999999999816e-01
2.190622999999999934e+02 9.888147000000000464e-01
2.190726999999999975e+02 9.857597999999999638e-01
2.190832000000000050e+02 9.919527000000000205e-01
2.190937999999999874e+02 9.868770999999999516e-01
2.191042999999999950e+02 9.904311999999999561e-01
2.191146999999999991e+02 9.959466999999999626e-01
2.191252000000000066e+02 9.892900999999999501e-01
2.191357999999999890e+02 9.935336999999999641e-01
2.191462999999999965e+02 9.920122000000000106e-01
2.191567000000000007e+02 9.926658999999999899e-01
2.191672000000000082e+02 9.958633999999999542e-01
2.191777999999999906e+02 9.942824999999999580e-01
2.191882999999999981e+02 9.929274000000000155e-01
2.191987000000000023e+02 9.885412999999999561e-01
2.192092000000000098e+02 9.885175000000000489e-01
2.192197999999999922e+02 9.949719000000000202e-01
2.192302999999999997e+02 9.903005000000000280e-01
2.192407000000000039e+02 9.915129000000000303e-01
2.192512000000000114e+02 9.892781999999999965e-01
2.192617999999999938e+02 9.855220999999999565e-01
2.192721999999999980e+02 9.908711000000000046e-01
2.192827000000000055e+02 9.901221999999999523e-01
2.192932999999999879e+02 9.903718000000000243e-01
2.193037999999999954e+02 9.935812000000000532e-01
2.193141999999999996e+02 9.918219999999999814e-01
2.193247000000000071e+02 9.897179999999999866e-01
2.193352999999999895e+02 9.880419999999999758e-01
2.193457999999999970e+02 9.912039000000000266e-01
2.193562000000000012e+02 9.924994999999999790e-01
2.193667000000000087e+02 9.887432999999999916e-01
2.193772999999999911e+02 9.897656000000000232e-01
2.193877999999999986e+02 9.884817999999999660e-01
2.193982000000000028e+02 9.899200999999999695e-01
2.194087000000000103e+02 9.905144999999999644e-01
2.194192999999999927e+02 9.860569999999999613e-01
2.194298000000000002e+02 9.915129000000000303e-01
2.194402000000000044e+02 9.896823999999999621e-01
2.194507000000000119e+02 9.890881000000000256e-01
2.194612999999999943e+02 9.895159999999999512e-01
2.194716999999999985e+02 9.903005000000000280e-01
2.194822000000000060e+02 9.858905000000000030e-01
2.194927999999999884e+02 9.865323999999999760e-01
2.195032999999999959e+02 9.884699999999999598e-01
2.195137000000000000e+02 9.878280999999999867e-01
2.195242000000000075e+02 9.897418000000000049e-01
2.195347999999999900e+02 9.876973000000000003e-01
2.195452999999999975e+02 9.867107000000000516e-01
2.195557000000000016e+02 9.832992999999999872e-01
2.195662000000000091e+02 9.819679999999999520e-01
2.195767999999999915e+02 9.853912999999999700e-01
2.195872999999999990e+02 9.762861000000000455e-01
2.195977000000000032e+02 9.729341000000000239e-01
2.196082000000000107e+02 9.722209000000000545e-01
2.196187999999999931e+02 9.641735999999999640e-01
2.196293000000000006e+02 9.627472000000000252e-01
2.196397000000000048e+02 9.527149000000000312e-01
2.196502000000000123e+02 9.499809999999999643e-01
2.196607999999999947e+02 9.372504000000000390e-01
2.196713000000000022e+02 9.269802999999999793e-01
2.196817000000000064e+02 9.115157999999999872e-01
2.196922999999999888e+02 8.920455000000000467e-01
2.197027999999999963e+02 8.783400999999999570e-01
2.197132000000000005e+02 8.562071999999999461e-01
2.197237000000000080e+02 8.323032000000000208e-01
2.197342999999999904e+02 8.064021000000000106e-01
2.197447999999999979e+02 7.704925999999999719e-01
2.197552000000000021e+02 7.366156000000000370e-01
2.197657000000000096e+02 6.969142000000000392e-01
2.197762999999999920e+02 6.553584999999999550e-01
2.197867999999999995e+02 6.066232000000000291e-01
2.197972000000000037e+02 5.524677000000000060e-01
2.198077000000000112e+02 5.007606999999999475e-01
2.198182999999999936e+02 4.422784000000000160e-01
2.198288000000000011e+02 3.854839999999999933e-01
2.198392000000000053e+02 3.197864999999999736e-01
2.198497999999999877e+02 2.581542000000000003e-01
2.198602999999999952e+02 2.043790000000000051e-01
2.198708000000000027e+02 1.488565000000000027e-01
2.198812000000000069e+02 1.029502999999999946e-01
2.198917999999999893e+02 6.443751999999999813e-02
2.199022999999999968e+02 3.684860999999999692e-02
2.199128000000000043e+02 1.851939999999999836e-02
2.199232000000000085e+02 7.607454999999999946e-03
2.199337999999999909e+02 2.698269000000000101e-03
2.199442999999999984e+02 9.033853000000000326e-04
2.199547000000000025e+02 8.320653999999999973e-05
2.199652000000000100e+02 0.000000000000000000e+00
2.199757999999999925e+02 0.000000000000000000e+00
2.199863000000000000e+02 0.000000000000000000e+00
2.199967000000000041e+02 0.000000000000000000e+00
2.200072000000000116e+02 0.000000000000000000e+00
2.200177999999999940e+02 0.000000000000000000e+00
2.200283000000000015e+02 0.000000000000000000e+00
2.200387000000000057e+02 0.000000000000000000e+00
2.200492999999999881e+02 0.000000000000000000e+00
2.200597999999999956e+02 0.000000000000000000e+00
2.200703000000000031e+02 0.000000000000000000e+00
2.200807000000000073e+02 0.000000000000000000e+00
2.200912999999999897e+02 0.000000000000000000e+00
2.201017999999999972e+02 0.000000000000000000e+00
2.201123000000000047e+02 0.000000000000000000e+00
2.201227000000000089e+02 0.000000000000000000e+00
2.201332999999999913e+02 0.000000000000000000e+00
2.201437999999999988e+02 0.000000000000000000e+00
2.201543000000000063e+02 0.000000000000000000e+00
2.201647000000000105e+02 0.000000000000000000e+00
2.201752999999999929e+02 0.000000000000000000e+00
2.201858000000000004e+02 0.000000000000000000e+00
2.201962000000000046e+02 0.000000000000000000e+00
2.202067000000000121e+02 0.000000000000000000e+00
2.202172999999999945e+02 0.000000000000000000e+00
2.202278000000000020e+02 0.000000000000000000e+00
2.202382000000000062e+02 0.000000000000000000e+00
2.202487999999999886e+02 0.000000000000000000e+00
2.202592999999999961e+02 0.000000000000000000e+00
2.202698000000000036e+02 0.000000000000000000e+00
2.202802000000000078e+02 0.000000000000000000e+00
2.202907999999999902e+02 0.000000000000000000e+00
2.203012999999999977e+02 0.000000000000000000e+00
2.203118000000000052e+02 0.000000000000000000e+00
2.203222000000000094e+02 0.000000000000000000e+00
2.203327999999999918e+02 0.000000000000000000e+00
2.203432999999999993e+02 0.000000000000000000e+00
2.203538000000000068e+02 0.000000000000000000e+00
2.203642000000000110e+02 0.000000000000000000e+00
2.203747999999999934e+02 0.000000000000000000e+00
2.203853000000000009e+02 0.000000000000000000e+00
2.203958000000000084e+02 0.000000000000000000e+00
2.204062000000000126e+02 0.000000000000000000e+00
2.204167999999999950e+02 0.000000000000000000e+00
