1.710258000000000038e+02 0.000000000000000000e+00
1.710625000000000000e+02 0.000000000000000000e+00
1.710990999999999929e+02 0.000000000000000000e+00
1.711357999999999890e+02 0.000000000000000000e+00
1.711725000000000136e+02 0.000000000000000000e+00
1.712091000000000065e+02 0.000000000000000000e+00
1.712458000000000027e+02 0.000000000000000000e+00
1.712823999999999955e+02 0.000000000000000000e+00
1.713190999999999917e+02 0.000000000000000000e+00
1.713557000000000130e+02 0.000000000000000000e+00
1.713924000000000092e+02 0.000000000000000000e+00
1.714291000000000054e+02 0.000000000000000000e+00
1.714656999999999982e+02 0.000000000000000000e+00
1.715023999999999944e+02 0.000000000000000000e+00
1.715389999999999873e+02 0.000000000000000000e+00
1.715757000000000119e+02 0.000000000000000000e+00
1.716123000000000047e+02 0.000000000000000000e+00
1.716490000000000009e+02 0.000000000000000000e+00
1.716855999999999938e+02 0.000000000000000000e+00
1.717222999999999900e+02 0.000000000000000000e+00
1.717589999999999861e+02 0.000000000000000000e+00
1.717956000000000074e+02 0.000000000000000000e+00
1.718323000000000036e+02 0.000000000000000000e+00
1.718688999999999965e+02 0.000000000000000000e+00
1.719055999999999926e+02 0.000000000000000000e+00
1.719422000000000139e+02 0.000000000000000000e+00
1.719789000000000101e+02 0.000000000000000000e+00
1.720156000000000063e+02 0.000000000000000000e+00
1.720521999999999991e+02 0.000000000000000000e+00
1.720888999999999953e+02 0.000000000000000000e+00
1.721254999999999882e+02 0.000000000000000000e+00
1.721622000000000128e+02 0.000000000000000000e+00
1.721988000000000056e+02 0.000000000000000000e+00
1.722355000000000018e+02 0.000000000000000000e+00
1.722721999999999980e+02 0.000000000000000000e+00
1.723087999999999909e+02 0.000000000000000000e+00
1.723454999999999870e+02 0.000000000000000000e+00
1.723821000000000083e+02 0.000000000000000000e+00
1.724188000000000045e+02 0.000000000000000000e+00
1.724553999999999974e+02 0.000000000000000000e+00
1.724920999999999935e+02 0.000000000000000000e+00
1.725287999999999897e+02 0.000000000000000000e+00
1.725654000000000110e+02 0.000000000000000000e+00
1.726021000000000072e+02 0.000000000000000000e+00
1.726387000000000000e+02 0.000000000000000000e+00
1.726753999999999962e+02 0.000000000000000000e+00
1.727119999999999891e+02 0.000000000000000000e+00
1.727487000000000137e+02 0.000000000000000000e+00
1.727853000000000065e+02 0.000000000000000000e+00
1.728220000000000027e+02 0.000000000000000000e+00
1.728586999999999989e+02 0.000000000000000000e+00
1.728952999999999918e+02 0.000000000000000000e+00
1.729319999999999879e+02 0.000000000000000000e+00
1.729686000000000092e+02 0.000000000000000000e+00
1.730053000000000054e+02 0.000000000000000000e+00
1.730418999999999983e+02 5.933239000000000064e-05
1.730785999999999945e+02 4.746591000000000308e-05
1.731152999999999906e+02 3.678608000000000203e-04
1.731519000000000119e+02 7.238551999999999877e-04
1.731886000000000081e+02 1.435843999999999922e-03
1.732252000000000010e+02 3.631141999999999963e-03
1.732618999999999971e+02 8.259069000000000826e-03
1.732984999999999900e+02 1.670800000000000063e-02
1.733351999999999862e+02 3.394998999999999933e-02
1.733719000000000108e+02 6.180062000000000055e-02
1.734085000000000036e+02 1.031196999999999947e-01
1.734451999999999998e+02 1.653355999999999992e-01
1.734817999999999927e+02 2.482110999999999901e-01
1.735184999999999889e+02 3.522327000000000097e-01
1.735551000000000101e+02 4.717399999999999927e-01
1.735918000000000063e+02 5.933357999999999688e-01
1.736285000000000025e+02 7.033498999999999723e-01
1.736650999999999954e+02 7.964898999999999729e-01
1.737017999999999915e+02 8.716996000000000189e-01
1.737384000000000128e+02 9.242088000000000525e-01
1.737751000000000090e+02 9.489741000000000426e-01
1.738117000000000019e+02 9.656940000000000524e-01
1.738483999999999980e+02 9.786759000000000430e-01
1.738849999999999909e+02 9.798506999999999634e-01
1.739216999999999871e+02 9.762669999999999959e-01
1.739584000000000117e+02 9.758280000000000287e-01
1.739950000000000045e+02 9.820697999999999928e-01
1.740317000000000007e+02 9.804559000000000468e-01
1.740682999999999936e+02 9.848464999999999581e-01
1.741049999999999898e+02 9.863773000000000124e-01
1.741416000000000111e+02 9.821647000000000016e-01
1.741783000000000072e+02 9.913018999999999581e-01
1.742150000000000034e+02 9.872079000000000271e-01
1.742515999999999963e+02 9.819510999999999656e-01
1.742882999999999925e+02 9.753058999999999479e-01
1.743249000000000137e+02 9.882166000000000006e-01
1.743616000000000099e+02 9.797202000000000410e-01
1.743982000000000028e+02 9.800406000000000395e-01
1.744348999999999990e+02 9.832208000000000059e-01
1.744715999999999951e+02 9.853686000000000389e-01
1.745081999999999880e+02 9.873385000000000078e-01
1.745449000000000126e+02 9.832208000000000059e-01
1.745815000000000055e+02 9.915629000000000248e-01
1.746182000000000016e+02 9.932954000000000505e-01
1.746547999999999945e+02 9.780826000000000242e-01
1.746914999999999907e+02 9.869231000000000531e-01
1.747281999999999869e+02 9.851668999999999565e-01
1.747648000000000081e+02 9.900440000000000351e-01
1.748015000000000043e+02 9.870061999999999447e-01
1.748380999999999972e+02 9.856772000000000311e-01
1.748747999999999934e+02 9.881098000000000381e-01
1.749113999999999862e+02 9.825800000000000090e-01
1.749481000000000108e+02 9.842887999999999638e-01
1.749847000000000037e+02 9.852144000000000457e-01
1.750213999999999999e+02 9.865196999999999994e-01
1.750580999999999960e+02 9.921562999999999910e-01
1.750946999999999889e+02 9.884064999999999657e-01
1.751314000000000135e+02 9.873146999999999895e-01
1.751680000000000064e+02 9.840159000000000544e-01
1.752047000000000025e+02 9.865433999999999592e-01
1.752412999999999954e+02 9.946481999999999823e-01
1.752779999999999916e+02 9.859738000000000113e-01
1.753146999999999878e+02 9.856652999999999665e-01
1.753513000000000090e+02 9.973893999999999815e-01
1.753880000000000052e+02 9.864129000000000369e-01
1.754245999999999981e+02 9.922986999999999780e-01
1.754612999999999943e+02 9.913136999999999643e-01
1.754978999999999871e+02 9.870537000000000338e-01
1.755346000000000117e+02 9.893914000000000319e-01
1.755713000000000079e+02 9.906610999999999612e-01
1.756079000000000008e+02 9.792811000000000154e-01
1.756445999999999970e+02 9.910170999999999841e-01
1.756811999999999898e+02 9.908508999999999789e-01
1.757178999999999860e+02 9.951584999999999459e-01
1.757545000000000073e+02 9.953009000000000439e-01
1.757912000000000035e+02 9.917409000000000363e-01
1.758278999999999996e+02 9.941853999999999969e-01
1.758644999999999925e+02 9.871248999999999718e-01
1.759011999999999887e+02 9.882878000000000496e-01
1.759378000000000100e+02 9.911476000000000175e-01
1.759745000000000061e+02 9.931292999999999926e-01
1.760110999999999990e+02 9.893201999999999829e-01
1.760477999999999952e+02 9.871841999999999562e-01
1.760843999999999880e+02 9.938175999999999677e-01
1.761211000000000126e+02 9.902813999999999783e-01
1.761578000000000088e+02 9.871723000000000026e-01
1.761944000000000017e+02 9.898185999999999929e-01
1.762310999999999979e+02 9.887268000000000168e-01
1.762676999999999907e+02 9.891303000000000178e-01
1.763043999999999869e+02 9.959772999999999543e-01
1.763410000000000082e+02 9.833750999999999465e-01
1.763777000000000044e+02 9.945057999999999954e-01
1.764144000000000005e+02 9.938413000000000386e-01
1.764509999999999934e+02 9.896523999999999877e-01
1.764876999999999896e+02 9.889286000000000465e-01
1.765243000000000109e+02 9.882284999999999542e-01
1.765610000000000070e+02 9.908865000000000034e-01
1.765975999999999999e+02 9.913374999999999826e-01
1.766342999999999961e+02 9.883233999999999631e-01
1.766709999999999923e+02 9.995728000000000391e-01
1.767076000000000136e+02 9.919900999999999858e-01
1.767443000000000097e+02 9.949329999999999563e-01
1.767809000000000026e+02 9.888217999999999730e-01
1.768175999999999988e+02 9.940312000000000037e-01
1.768541999999999916e+02 9.920851000000000530e-01
1.768908999999999878e+02 9.913018999999999581e-01
1.769276000000000124e+02 9.964401000000000508e-01
1.769642000000000053e+02 9.897354999999999903e-01
1.770009000000000015e+02 9.929632000000000458e-01
1.770374999999999943e+02 9.915273000000000003e-01
1.770741999999999905e+02 9.956568999999999559e-01
1.771108000000000118e+02 9.937464000000000297e-01
1.771475000000000080e+02 9.927376999999999452e-01
1.771841000000000008e+02 9.890946999999999933e-01
1.772207999999999970e+02 9.930818000000000145e-01
1.772574999999999932e+02 9.929512999999999812e-01
1.772940999999999860e+02 9.967605000000000492e-01
1.773308000000000106e+02 9.852381000000000055e-01
1.773674000000000035e+02 9.931649000000000171e-01
1.774040999999999997e+02 1.000000000000000000e+00
1.774406999999999925e+02 9.970807999999999893e-01
1.774773999999999887e+02 9.969740000000000268e-01
1.775141000000000133e+02 9.976504000000000483e-01
1.775507000000000062e+02 9.938649999999999984e-01
1.775874000000000024e+02 9.972944000000000253e-01
1.776239999999999952e+02 9.999525000000000219e-01
1.776606999999999914e+02 9.994423000000000057e-01
1.776973000000000127e+02 9.952653000000000194e-01
1.777340000000000089e+02 9.888930000000000220e-01
1.777707000000000050e+02 9.864365999999999968e-01
1.778072999999999979e+02 9.627866999999999953e-01
1.778439999999999941e+02 9.257752000000000203e-01
1.778805999999999869e+02 8.431608000000000436e-01
1.779173000000000116e+02 7.047263999999999751e-01
1.779539000000000044e+02 5.239643999999999968e-01
1.779906000000000006e+02 3.316443000000000030e-01
1.780272999999999968e+02 1.715655000000000097e-01
1.780638999999999896e+02 6.646414999999999962e-02
1.781005999999999858e+02 1.954409000000000007e-02
1.781372000000000071e+02 3.714208000000000093e-03
1.781739000000000033e+02 4.983920999999999881e-04
1.782104999999999961e+02 0.000000000000000000e+00
1.782471999999999923e+02 0.000000000000000000e+00
1.782838000000000136e+02 0.000000000000000000e+00
1.783205000000000098e+02 0.000000000000000000e+00
1.783572000000000060e+02 0.000000000000000000e+00
1.783937999999999988e+02 0.000000000000000000e+00
1.784304999999999950e+02 0.000000000000000000e+00
1.784670999999999879e+02 0.000000000000000000e+00
1.785038000000000125e+02 0.000000000000000000e+00
1.785404000000000053e+02 0.000000000000000000e+00
1.785771000000000015e+02 0.000000000000000000e+00
1.786137999999999977e+02 0.000000000000000000e+00
1.786503999999999905e+02 0.000000000000000000e+00
1.786870999999999867e+02 0.000000000000000000e+00
1.787237000000000080e+02 0.000000000000000000e+00
1.787604000000000042e+02 0.000000000000000000e+00
1.787969999999999970e+02 0.000000000000000000e+00
1.788336999999999932e+02 0.000000000000000000e+00
1.788703999999999894e+02 0.000000000000000000e+00
1.789070000000000107e+02 0.000000000000000000e+00
1.789437000000000069e+02 0.000000000000000000e+00
1.789802999999999997e+02 0.000000000000000000e+00
1.790169999999999959e+02 0.000000000000000000e+00
1.790535999999999888e+02 0.000000000000000000e+00
1.790903000000000134e+02 0.000000000000000000e+00
1.791270000000000095e+02 0.000000000000000000e+00
1.791636000000000024e+02 0.000000000000000000e+00
1.792002999999999986e+02 0.000000000000000000e+00
1.792368999999999915e+02 0.000000000000000000e+00
1.792735999999999876e+02 0.000000000000000000e+00
1.793102000000000089e+02 0.000000000000000000e+00
1.793469000000000051e+02 0.000000000000000000e+00
1.793834999999999980e+02 0.000000000000000000e+00
1.794201999999999941e+02 0.000000000000000000e+00
1.794568999999999903e+02 0.000000000000000000e+00
1.794935000000000116e+02 0.000000000000000000e+00
1.795302000000000078e+02 0.000000000000000000e+00
1.795668000000000006e+02 0.000000000000000000e+00
1.796034999999999968e+02 0.000000000000000000e+00
1.796400999999999897e+02 0.000000000000000000e+00
1.796767999999999859e+02 0.000000000000000000e+00
1.797135000000000105e+02 0.000000000000000000e+00
1.797501000000000033e+02 0.000000000000000000e+00
1.797867999999999995e+02 0.000000000000000000e+00
1.798233999999999924e+02 0.000000000000000000e+00
1.798600999999999885e+02 0.000000000000000000e+00
1.798967000000000098e+02 0.000000000000000000e+00
1.799334000000000060e+02 0.000000000000000000e+00
1.799701000000000022e+02 0.000000000000000000e+00
1.800066999999999950e+02 0.000000000000000000e+00
1.800433999999999912e+02 0.000000000000000000e+00
1.800800000000000125e+02 0.000000000000000000e+00
1.801167000000000087e+02 0.000000000000000000e+00
1.801533000000000015e+02 0.000000000000000000e+00
