1.770923999999999978e+02 0.000000000000000000e+00
1.771047000000000082e+02 0.000000000000000000e+00
1.771169999999999902e+02 0.000000000000000000e+00
1.771293000000000006e+02 0.000000000000000000e+00
1.771416000000000111e+02 0.000000000000000000e+00
1.771537999999999897e+02 0.000000000000000000e+00
1.771661000000000001e+02 0.000000000000000000e+00
1.771784000000000106e+02 0.000000000000000000e+00
1.771906999999999925e+02 0.000000000000000000e+00
1.772030000000000030e+02 0.000000000000000000e+00
1.772153000000000134e+02 0.000000000000000000e+00
1.772275999999999954e+02 0.000000000000000000e+00
1.772399000000000058e+02 0.000000000000000000e+00
1.772521999999999878e+02 0.000000000000000000e+00
1.772643999999999949e+02 0.000000000000000000e+00
1.772767000000000053e+02 0.000000000000000000e+00
1.772889999999999873e+02 0.000000000000000000e+00
1.773012999999999977e+02 0.000000000000000000e+00
1.773136000000000081e+02 0.000000000000000000e+00
1.773258999999999901e+02 0.000000000000000000e+00
1.773382000000000005e+02 0.000000000000000000e+00
1.773505000000000109e+02 0.000000000000000000e+00
1.773627999999999929e+02 1.157207000000000015e-05
1.773750000000000000e+02 1.157207000000000015e-05
1.773873000000000104e+02 3.471619999999999806e-05
1.773995999999999924e+02 1.157207000000000015e-05
1.774119000000000028e+02 3.471619999999999806e-05
1.774242000000000132e+02 3.471619999999999806e-05
1.774364999999999952e+02 0.000000000000000000e+00
1.774488000000000056e+02 4.628825999999999920e-05
1.774610999999999876e+02 8.100446000000000404e-05
1.774733999999999980e+02 8.100446000000000404e-05
1.774856000000000051e+02 1.388647999999999922e-04
1.774978999999999871e+02 1.967251000000000047e-04
1.775101999999999975e+02 2.545854000000000172e-04
1.775225000000000080e+02 4.281663999999999804e-04
1.775347999999999900e+02 4.513105000000000220e-04
1.775471000000000004e+02 5.091708999999999602e-04
1.775594000000000108e+02 8.794769000000000024e-04
1.775716999999999928e+02 9.141931000000000276e-04
1.775840000000000032e+02 1.261355000000000028e-03
1.775962000000000103e+02 1.307643000000000043e-03
1.776084999999999923e+02 2.071400000000000151e-03
1.776208000000000027e+02 2.661574999999999792e-03
1.776331000000000131e+02 2.742579000000000197e-03
1.776453999999999951e+02 3.691489000000000055e-03
1.776577000000000055e+02 5.577735000000000332e-03
1.776699999999999875e+02 6.422495999999999761e-03
1.776822999999999979e+02 7.348261000000000029e-03
1.776946000000000083e+02 8.979921999999999557e-03
1.777067999999999870e+02 1.172250000000000028e-02
1.777190999999999974e+02 1.389805000000000033e-02
1.777314000000000078e+02 1.718451999999999827e-02
1.777436999999999898e+02 2.195220999999999978e-02
1.777560000000000002e+02 2.564369999999999844e-02
1.777683000000000106e+02 3.087426999999999880e-02
1.777805999999999926e+02 3.736620000000000219e-02
1.777929000000000030e+02 4.486489999999999922e-02
1.778052000000000135e+02 5.185441999999999829e-02
1.778173999999999921e+02 6.493086000000000690e-02
1.778297000000000025e+02 7.564658999999999967e-02
1.778420000000000130e+02 8.467280000000000639e-02
1.778542999999999950e+02 1.049471000000000015e-01
1.778666000000000054e+02 1.170283000000000018e-01
1.778788999999999874e+02 1.395011999999999919e-01
1.778911999999999978e+02 1.588729000000000113e-01
1.779035000000000082e+02 1.773534999999999973e-01
1.779157999999999902e+02 2.043858000000000064e-01
1.779279999999999973e+02 2.381878000000000051e-01
1.779403000000000077e+02 2.676850000000000063e-01
1.779525999999999897e+02 3.000404999999999878e-01
1.779649000000000001e+02 3.296880999999999839e-01
1.779772000000000105e+02 3.744372999999999729e-01
1.779894999999999925e+02 4.120117999999999836e-01
1.780018000000000029e+02 4.523404999999999787e-01
1.780141000000000133e+02 4.917548999999999948e-01
1.780263999999999953e+02 5.375107999999999553e-01
1.780386000000000024e+02 5.760110999999999981e-01
1.780509000000000128e+02 6.186426000000000425e-01
1.780631999999999948e+02 6.567610000000000392e-01
1.780755000000000052e+02 7.021581999999999546e-01
1.780877999999999872e+02 7.384134999999999449e-01
1.781000999999999976e+02 7.798530000000000184e-01
1.781124000000000080e+02 8.116761999999999588e-01
1.781246999999999900e+02 8.380488999999999855e-01
1.781370000000000005e+02 8.701035999999999770e-01
1.781492000000000075e+02 8.909679999999999822e-01
1.781614999999999895e+02 9.117399000000000475e-01
1.781738000000000000e+02 9.291095000000000326e-01
1.781861000000000104e+02 9.471851000000000020e-01
1.781983999999999924e+02 9.583983999999999837e-01
1.782107000000000028e+02 9.607476000000000349e-01
1.782230000000000132e+02 9.744836000000000054e-01
1.782352999999999952e+02 9.800149999999999695e-01
1.782476000000000056e+02 9.752357999999999860e-01
1.782598000000000127e+02 9.802117999999999665e-01
1.782720999999999947e+02 9.901174999999999837e-01
1.782844000000000051e+02 9.880229000000000372e-01
1.782966999999999871e+02 9.876989000000000463e-01
1.783089999999999975e+02 9.823178999999999661e-01
1.783213000000000079e+02 9.817508999999999819e-01
1.783335999999999899e+02 9.915871000000000546e-01
1.783459000000000003e+02 9.870624000000000065e-01
1.783582000000000107e+02 9.940982000000000429e-01
1.783704999999999927e+02 9.903836000000000306e-01
1.783826999999999998e+02 9.955678999999999501e-01
1.783950000000000102e+02 9.849563000000000068e-01
1.784072999999999922e+02 9.866806000000000187e-01
1.784196000000000026e+02 9.906382000000000243e-01
1.784319000000000131e+02 9.909274999999999611e-01
1.784441999999999950e+02 1.000000000000000000e+00
1.784565000000000055e+02 9.884279000000000259e-01
1.784687999999999874e+02 9.961117999999999917e-01
1.784810999999999979e+02 9.913556999999999508e-01
1.784933000000000050e+02 9.916797000000000528e-01
1.785055999999999869e+02 9.929409999999999625e-01
1.785178999999999974e+02 9.925013000000000307e-01
1.785302000000000078e+02 9.895966999999999958e-01
1.785424999999999898e+02 9.893189999999999484e-01
1.785548000000000002e+02 9.895272999999999985e-01
1.785671000000000106e+02 9.904068000000000316e-01
1.785793999999999926e+02 9.849331999999999532e-01
1.785917000000000030e+02 9.852802999999999978e-01
1.786039000000000101e+02 9.919457999999999886e-01
1.786161999999999921e+02 9.904068000000000316e-01
1.786285000000000025e+02 9.874789999999999957e-01
1.786408000000000129e+02 9.876525999999999916e-01
1.786530999999999949e+02 9.929757999999999640e-01
1.786654000000000053e+02 9.925243999999999733e-01
1.786776999999999873e+02 9.923509000000000357e-01
1.786899999999999977e+02 9.931955999999999563e-01
1.787023000000000081e+02 9.919689999999999896e-01
1.787144999999999868e+02 9.981368999999999936e-01
1.787267999999999972e+02 9.875253000000000503e-01
1.787391000000000076e+02 9.891107000000000093e-01
1.787513999999999896e+02 9.833709000000000477e-01
1.787637000000000000e+02 9.962275000000000436e-01
1.787760000000000105e+02 9.892379999999999507e-01
1.787882999999999925e+02 9.889255000000000129e-01
1.788006000000000029e+02 9.893999999999999462e-01
1.788129000000000133e+02 9.953248999999999569e-01
1.788250999999999920e+02 9.887751000000000179e-01
1.788374000000000024e+02 9.908002000000000198e-01
1.788497000000000128e+02 9.881385999999999781e-01
1.788619999999999948e+02 9.936005999999999450e-01
1.788743000000000052e+02 9.875253000000000503e-01
1.788865999999999872e+02 9.858704999999999830e-01
1.788988999999999976e+02 9.919921000000000433e-01
1.789112000000000080e+02 9.878145999999999871e-01
1.789234999999999900e+02 9.888097999999999610e-01
1.789356999999999971e+02 9.861018999999999757e-01
1.789480000000000075e+02 9.922235999999999834e-01
1.789602999999999895e+02 9.922929999999999806e-01
1.789725999999999999e+02 9.881733000000000322e-01
1.789849000000000103e+02 9.872706999999999455e-01
1.789971999999999923e+02 9.922813999999999801e-01
1.790095000000000027e+02 9.852572000000000552e-01
1.790218000000000131e+02 9.933575999999999517e-01
1.790340999999999951e+02 9.909968999999999584e-01
1.790463000000000022e+02 9.891453999999999525e-01
1.790586000000000126e+02 9.908696000000000170e-01
1.790708999999999946e+02 9.889371000000000134e-01
1.790832000000000050e+02 9.891801000000000066e-01
1.790954999999999870e+02 9.873402000000000012e-01
1.791077999999999975e+02 9.964821000000000373e-01
1.791201000000000079e+02 9.933923999999999532e-01
1.791323999999999899e+02 9.931493000000000126e-01
1.791447000000000003e+02 9.834635000000000460e-01
1.791569000000000074e+02 9.868772999999999573e-01
1.791691999999999894e+02 9.842041000000000261e-01
1.791814999999999998e+02 9.944454000000000349e-01
1.791938000000000102e+02 9.879535000000000400e-01
1.792060999999999922e+02 9.815426000000000428e-01
1.792184000000000026e+02 9.798183000000000309e-01
1.792307000000000130e+02 9.876063000000000480e-01
1.792429999999999950e+02 9.812994999999999912e-01
1.792553000000000054e+02 9.806051999999999547e-01
1.792675000000000125e+02 9.736966999999999706e-01
1.792797999999999945e+02 9.658392999999999562e-01
1.792921000000000049e+02 9.515824999999999978e-01
1.793043999999999869e+02 9.438408000000000353e-01
1.793166999999999973e+02 9.306486000000000480e-01
1.793290000000000077e+02 9.168083999999999678e-01
1.793412999999999897e+02 9.002719000000000138e-01
1.793536000000000001e+02 8.741191000000000377e-01
1.793659000000000106e+02 8.430134000000000238e-01
1.793780999999999892e+02 8.113985000000000225e-01
1.793903999999999996e+02 7.747844999999999871e-01
1.794027000000000100e+02 7.270149999999999668e-01
1.794149999999999920e+02 6.783776000000000250e-01
1.794273000000000025e+02 6.183648999999999951e-01
1.794396000000000129e+02 5.579703000000000301e-01
1.794518999999999949e+02 4.934097000000000066e-01
1.794642000000000053e+02 4.239657000000000009e-01
1.794764999999999873e+02 3.551813999999999805e-01
1.794886999999999944e+02 2.870913999999999966e-01
1.795010000000000048e+02 2.154949999999999921e-01
1.795132999999999868e+02 1.569519000000000053e-01
1.795255999999999972e+02 1.074003000000000041e-01
1.795379000000000076e+02 6.755772000000000166e-02
1.795501999999999896e+02 3.650986999999999982e-02
1.795625000000000000e+02 1.790198000000000136e-02
1.795748000000000104e+02 6.665509000000000017e-03
1.795870999999999924e+02 2.476421999999999825e-03
1.795994000000000028e+02 6.827518000000000519e-04
1.796116000000000099e+02 6.943238999999999542e-05
1.796238999999999919e+02 0.000000000000000000e+00
1.796362000000000023e+02 0.000000000000000000e+00
1.796485000000000127e+02 0.000000000000000000e+00
1.796607999999999947e+02 0.000000000000000000e+00
1.796731000000000051e+02 0.000000000000000000e+00
1.796853999999999871e+02 0.000000000000000000e+00
1.796976999999999975e+02 0.000000000000000000e+00
1.797100000000000080e+02 0.000000000000000000e+00
1.797221999999999866e+02 0.000000000000000000e+00
1.797344999999999970e+02 0.000000000000000000e+00
1.797468000000000075e+02 0.000000000000000000e+00
1.797590999999999894e+02 0.000000000000000000e+00
1.797713999999999999e+02 0.000000000000000000e+00
1.797837000000000103e+02 0.000000000000000000e+00
1.797959999999999923e+02 0.000000000000000000e+00
1.798083000000000027e+02 0.000000000000000000e+00
1.798206000000000131e+02 0.000000000000000000e+00
1.798327999999999918e+02 0.000000000000000000e+00
1.798451000000000022e+02 0.000000000000000000e+00
1.798574000000000126e+02 0.000000000000000000e+00
1.798696999999999946e+02 0.000000000000000000e+00
1.798820000000000050e+02 0.000000000000000000e+00
1.798942999999999870e+02 0.000000000000000000e+00
1.799065999999999974e+02 0.000000000000000000e+00
1.799189000000000078e+02 0.000000000000000000e+00
1.799311999999999898e+02 0.000000000000000000e+00
1.799433999999999969e+02 0.000000000000000000e+00
1.799557000000000073e+02 0.000000000000000000e+00
1.799679999999999893e+02 0.000000000000000000e+00
1.799802999999999997e+02 0.000000000000000000e+00
1.799926000000000101e+02 0.000000000000000000e+00
1.800048999999999921e+02 0.000000000000000000e+00
1.800172000000000025e+02 0.000000000000000000e+00
1.800295000000000130e+02 0.000000000000000000e+00
1.800417999999999950e+02 0.000000000000000000e+00
1.800540000000000020e+02 0.000000000000000000e+00
1.800663000000000125e+02 0.000000000000000000e+00
1.800785999999999945e+02 0.000000000000000000e+00
1.800909000000000049e+02 0.000000000000000000e+00
1.801031999999999869e+02 0.000000000000000000e+00
1.801154999999999973e+02 0.000000000000000000e+00
1.801278000000000077e+02 0.000000000000000000e+00
1.801400999999999897e+02 0.000000000000000000e+00
1.801524000000000001e+02 0.000000000000000000e+00
