2.111527000000000100e+02 0.000000000000000000e+00
2.111848999999999990e+02 0.000000000000000000e+00
2.112170999999999879e+02 0.000000000000000000e+00
2.112492000000000019e+02 0.000000000000000000e+00
2.112813999999999908e+02 0.000000000000000000e+00
2.113136000000000081e+02 0.000000000000000000e+00
2.113456999999999937e+02 0.000000000000000000e+00
2.113779000000000110e+02 0.000000000000000000e+00
2.114100999999999999e+02 0.000000000000000000e+00
2.114422000000000139e+02 0.000000000000000000e+00
2.114744000000000028e+02 0.000000000000000000e+00
2.115064999999999884e+02 0.000000000000000000e+00
2.115387000000000057e+02 0.000000000000000000e+00
2.115708999999999946e+02 0.000000000000000000e+00
2.116030000000000086e+02 0.000000000000000000e+00
2.116351999999999975e+02 0.000000000000000000e+00
2.116673999999999864e+02 0.000000000000000000e+00
2.116995000000000005e+02 0.000000000000000000e+00
2.117316999999999894e+02 0.000000000000000000e+00
2.117639000000000067e+02 0.000000000000000000e+00
2.117959999999999923e+02 0.000000000000000000e+00
2.118282000000000096e+02 0.000000000000000000e+00
2.118602999999999952e+02 0.000000000000000000e+00
2.118925000000000125e+02 0.000000000000000000e+00
2.119247000000000014e+02 0.000000000000000000e+00
2.119567999999999870e+02 0.000000000000000000e+00
2.119890000000000043e+02 0.000000000000000000e+00
2.120211999999999932e+02 0.000000000000000000e+00
2.120533000000000072e+02 0.000000000000000000e+00
2.120854999999999961e+02 0.000000000000000000e+00
2.121176000000000101e+02 0.000000000000000000e+00
2.121497999999999990e+02 0.000000000000000000e+00
2.121819999999999879e+02 0.000000000000000000e+00
2.122141000000000020e+02 0.000000000000000000e+00
2.122462999999999909e+02 0.000000000000000000e+00
2.122785000000000082e+02 0.000000000000000000e+00
2.123105999999999938e+02 0.000000000000000000e+00
2.123428000000000111e+02 0.000000000000000000e+00
2.123750000000000000e+02 0.000000000000000000e+00
2.124071000000000140e+02 0.000000000000000000e+00
2.124393000000000029e+02 0.000000000000000000e+00
2.124713999999999885e+02 0.000000000000000000e+00
2.125036000000000058e+02 0.000000000000000000e+00
2.125357999999999947e+02 0.000000000000000000e+00
2.125679000000000087e+02 0.000000000000000000e+00
2.126000999999999976e+02 0.000000000000000000e+00
2.126322999999999865e+02 0.000000000000000000e+00
2.126644000000000005e+02 0.000000000000000000e+00
2.126965999999999894e+02 0.000000000000000000e+00
2.127288000000000068e+02 0.000000000000000000e+00
2.127608999999999924e+02 0.000000000000000000e+00
2.127931000000000097e+02 0.000000000000000000e+00
2.128251999999999953e+02 2.373858999999999933e-05
2.128574000000000126e+02 1.305621999999999881e-04
2.128896000000000015e+02 1.543008000000000118e-04
2.129216999999999871e+02 3.323402999999999731e-04
2.129539000000000044e+02 1.056366999999999896e-03
2.129860999999999933e+02 2.172081000000000185e-03
2.130182000000000073e+02 3.359010999999999855e-03
2.130503999999999962e+02 7.442047999999999719e-03
2.130825000000000102e+02 1.334108999999999989e-02
2.131146999999999991e+02 2.407093000000000080e-02
2.131468999999999880e+02 4.037933999999999968e-02
2.131790000000000020e+02 6.599328000000000138e-02
2.132111999999999910e+02 1.037851000000000051e-01
2.132434000000000083e+02 1.540159999999999862e-01
2.132754999999999939e+02 2.214928999999999926e-01
2.133077000000000112e+02 3.054325999999999985e-01
2.133399000000000001e+02 3.998647000000000173e-01
2.133720000000000141e+02 4.979643999999999737e-01
2.134042000000000030e+02 6.044083000000000094e-01
2.134362999999999886e+02 6.972736000000000489e-01
2.134685000000000059e+02 7.899728000000000305e-01
2.135006999999999948e+02 8.536753000000000258e-01
2.135328000000000088e+02 9.043927999999999967e-01
2.135649999999999977e+02 9.371283000000000252e-01
2.135971999999999866e+02 9.611281000000000407e-01
2.136293000000000006e+02 9.763920000000000377e-01
2.136614999999999895e+02 9.796323000000000114e-01
2.136937000000000069e+02 9.798578000000000010e-01
2.137257999999999925e+02 9.837272000000000238e-01
2.137580000000000098e+02 9.808192000000000021e-01
2.137900999999999954e+02 9.903621000000000230e-01
2.138223000000000127e+02 9.847717000000000276e-01
2.138545000000000016e+02 9.905994999999999662e-01
2.138865999999999872e+02 9.886291999999999858e-01
2.139188000000000045e+02 9.846411000000000469e-01
2.139509999999999934e+02 9.853058000000000094e-01
2.139831000000000074e+02 9.836677999999999811e-01
2.140152999999999963e+02 9.884629999999999805e-01
2.140474000000000103e+02 9.917508000000000434e-01
2.140795999999999992e+02 9.861484999999999834e-01
2.141117999999999881e+02 9.887835000000000374e-01
2.141439000000000021e+02 9.873828999999999523e-01
2.141760999999999910e+02 9.889021999999999535e-01
2.142083000000000084e+02 9.865758000000000028e-01
2.142403999999999940e+02 9.884749000000000452e-01
2.142726000000000113e+02 9.938160999999999801e-01
2.143048000000000002e+02 9.935311999999999477e-01
2.143369000000000142e+02 9.893176000000000192e-01
2.143691000000000031e+02 9.894125999999999754e-01
2.144011999999999887e+02 9.878339999999999899e-01
2.144334000000000060e+02 9.874659999999999549e-01
2.144655999999999949e+02 9.856975000000000042e-01
2.144977000000000089e+02 9.898991999999999791e-01
2.145298999999999978e+02 9.810565999999999454e-01
2.145620999999999867e+02 9.877865000000000117e-01
2.145942000000000007e+02 9.871573999999999627e-01
2.146263999999999896e+02 9.934838000000000280e-01
2.146586000000000070e+02 9.923087000000000435e-01
2.146906999999999925e+02 9.891988999999999921e-01
2.147229000000000099e+02 9.900653999999999844e-01
2.147549999999999955e+02 9.947656000000000276e-01
2.147872000000000128e+02 9.913235000000000241e-01
2.148194000000000017e+02 9.872760999999999898e-01
2.148514999999999873e+02 9.900891000000000552e-01
2.148837000000000046e+02 9.893532000000000437e-01
2.149158999999999935e+02 9.906232999999999844e-01
2.149480000000000075e+02 1.000000000000000000e+00
2.149801999999999964e+02 9.927597000000000227e-01
2.150123000000000104e+02 9.877270999999999690e-01
2.150444999999999993e+02 9.911455000000000126e-01
2.150766999999999882e+02 9.872880000000000544e-01
2.151088000000000022e+02 9.915608999999999673e-01
2.151409999999999911e+02 9.879527000000000170e-01
2.151732000000000085e+02 9.919881999999999866e-01
2.152052999999999940e+02 9.939704000000000317e-01
2.152375000000000114e+02 9.930921000000000332e-01
2.152697000000000003e+02 9.967477999999999616e-01
2.153017999999999859e+02 9.961662000000000017e-01
2.153340000000000032e+02 9.930446000000000550e-01
2.153660999999999888e+02 9.943146000000000484e-01
2.153983000000000061e+02 9.940179000000000098e-01
2.154304999999999950e+02 9.843680999999999681e-01
2.154626000000000090e+02 9.932225999999999555e-01
2.154947999999999979e+02 9.919525999999999621e-01
2.155269999999999868e+02 9.958339000000000496e-01
2.155591000000000008e+02 9.917034000000000127e-01
2.155912999999999897e+02 9.918101999999999752e-01
2.156235000000000070e+02 9.902552999999999495e-01
2.156555999999999926e+02 9.877628000000000519e-01
2.156878000000000100e+02 9.939704000000000317e-01
2.157198999999999955e+02 9.931752000000000358e-01
2.157521000000000129e+02 9.893650999999999973e-01
2.157843000000000018e+02 9.906945000000000334e-01
2.158163999999999874e+02 9.902077999999999713e-01
2.158486000000000047e+02 9.926409999999999956e-01
2.158807999999999936e+02 9.963798999999999850e-01
2.159129000000000076e+02 9.866827000000000236e-01
2.159450999999999965e+02 9.904808000000000501e-01
2.159772000000000105e+02 9.938635999999999582e-01
2.160093999999999994e+02 9.957627000000000006e-01
2.160415999999999883e+02 9.851396000000000042e-01
2.160737000000000023e+02 9.918221000000000398e-01
2.161058999999999912e+02 9.962611999999999579e-01
2.161381000000000085e+02 9.932701000000000446e-01
2.161701999999999941e+02 9.957270999999999761e-01
2.162024000000000115e+02 9.950504999999999489e-01
2.162346000000000004e+02 9.956914000000000042e-01
2.162666999999999859e+02 9.959643999999999719e-01
2.162989000000000033e+02 9.902077999999999713e-01
2.163309999999999889e+02 9.907300999999999469e-01
2.163632000000000062e+02 9.911098999999999881e-01
2.163953999999999951e+02 9.913353999999999777e-01
2.164275000000000091e+02 9.943026999999999838e-01
2.164596999999999980e+02 9.883680999999999717e-01
2.164918999999999869e+02 9.936380999999999686e-01
2.165240000000000009e+02 9.924749000000000487e-01
2.165561999999999898e+02 9.957032999999999578e-01
2.165884000000000071e+02 9.970208000000000403e-01
2.166204999999999927e+02 9.912286000000000152e-01
2.166527000000000100e+02 9.922374999999999945e-01
2.166847999999999956e+02 9.949080999999999619e-01
2.167170000000000130e+02 9.916203000000000101e-01
2.167492000000000019e+02 9.956083999999999490e-01
2.167812999999999874e+02 9.978635000000000144e-01
2.168135000000000048e+02 9.952642000000000433e-01
2.168456999999999937e+02 9.935549999999999660e-01
2.168778000000000077e+02 9.975074000000000440e-01
2.169099999999999966e+02 9.939940999999999915e-01
2.169421000000000106e+02 9.935311999999999477e-01
2.169742999999999995e+02 9.961662000000000017e-01
2.170064999999999884e+02 9.889021999999999535e-01
2.170386000000000024e+02 9.795492000000000088e-01
2.170707999999999913e+02 9.619469999999999965e-01
2.171030000000000086e+02 9.251047000000000020e-01
2.171350999999999942e+02 8.531767999999999574e-01
2.171673000000000116e+02 7.537359000000000142e-01
2.171995000000000005e+02 6.108770000000000033e-01
2.172315999999999860e+02 4.488848999999999756e-01
2.172638000000000034e+02 2.896582999999999797e-01
2.172958999999999889e+02 1.585263000000000089e-01
2.173281000000000063e+02 6.793984999999999608e-02
2.173602999999999952e+02 2.293148000000000061e-02
2.173924000000000092e+02 6.112687000000000329e-03
2.174245999999999981e+02 9.970207999999999935e-04
2.174567999999999870e+02 5.934647999999999698e-05
2.174889000000000010e+02 0.000000000000000000e+00
2.175210999999999899e+02 0.000000000000000000e+00
2.175533000000000072e+02 0.000000000000000000e+00
2.175853999999999928e+02 0.000000000000000000e+00
2.176176000000000101e+02 0.000000000000000000e+00
2.176496999999999957e+02 0.000000000000000000e+00
2.176819000000000131e+02 0.000000000000000000e+00
2.177141000000000020e+02 0.000000000000000000e+00
2.177461999999999875e+02 0.000000000000000000e+00
2.177784000000000049e+02 0.000000000000000000e+00
2.178105999999999938e+02 0.000000000000000000e+00
2.178427000000000078e+02 0.000000000000000000e+00
2.178748999999999967e+02 0.000000000000000000e+00
2.179070000000000107e+02 0.000000000000000000e+00
2.179391999999999996e+02 0.000000000000000000e+00
2.179713999999999885e+02 0.000000000000000000e+00
2.180035000000000025e+02 0.000000000000000000e+00
2.180356999999999914e+02 0.000000000000000000e+00
2.180679000000000087e+02 0.000000000000000000e+00
2.180999999999999943e+02 0.000000000000000000e+00
2.181322000000000116e+02 0.000000000000000000e+00
2.181644000000000005e+02 0.000000000000000000e+00
2.181964999999999861e+02 0.000000000000000000e+00
2.182287000000000035e+02 0.000000000000000000e+00
2.182607999999999890e+02 0.000000000000000000e+00
2.182930000000000064e+02 0.000000000000000000e+00
2.183251999999999953e+02 0.000000000000000000e+00
2.183573000000000093e+02 0.000000000000000000e+00
2.183894999999999982e+02 0.000000000000000000e+00
2.184216999999999871e+02 0.000000000000000000e+00
2.184538000000000011e+02 0.000000000000000000e+00
2.184859999999999900e+02 0.000000000000000000e+00
2.185182000000000073e+02 0.000000000000000000e+00
2.185502999999999929e+02 0.000000000000000000e+00
2.185825000000000102e+02 0.000000000000000000e+00
2.186145999999999958e+02 0.000000000000000000e+00
2.186468000000000131e+02 0.000000000000000000e+00
2.186790000000000020e+02 0.000000000000000000e+00
2.187110999999999876e+02 0.000000000000000000e+00
2.187433000000000050e+02 0.000000000000000000e+00
2.187754999999999939e+02 0.000000000000000000e+00
2.188076000000000079e+02 0.000000000000000000e+00
2.188397999999999968e+02 0.000000000000000000e+00
2.188719000000000108e+02 0.000000000000000000e+00
2.189040999999999997e+02 0.000000000000000000e+00
2.189362999999999886e+02 0.000000000000000000e+00
2.189684000000000026e+02 0.000000000000000000e+00
2.190005999999999915e+02 0.000000000000000000e+00
2.190328000000000088e+02 0.000000000000000000e+00
2.190648999999999944e+02 0.000000000000000000e+00
2.190971000000000117e+02 0.000000000000000000e+00
2.191293000000000006e+02 0.000000000000000000e+00
2.191613999999999862e+02 0.000000000000000000e+00
