3.173919000000000210e+02 0.000000000000000000e+00
3.174173999999999864e+02 0.000000000000000000e+00
3.174427999999999770e+02 0.000000000000000000e+00
3.174682999999999993e+02 0.000000000000000000e+00
3.174938000000000216e+02 0.000000000000000000e+00
3.175192000000000121e+02 0.000000000000000000e+00
3.175446999999999775e+02 0.000000000000000000e+00
3.175701999999999998e+02 0.000000000000000000e+00
3.175955999999999904e+02 0.000000000000000000e+00
3.176211000000000126e+02 0.000000000000000000e+00
3.176465999999999781e+02 0.000000000000000000e+00
3.176720000000000255e+02 0.000000000000000000e+00
3.176974999999999909e+02 0.000000000000000000e+00
3.177230000000000132e+02 0.000000000000000000e+00
3.177484000000000037e+02 0.000000000000000000e+00
3.177739000000000260e+02 0.000000000000000000e+00
3.177993999999999915e+02 0.000000000000000000e+00
3.178247999999999820e+02 0.000000000000000000e+00
3.178503000000000043e+02 0.000000000000000000e+00
3.178758000000000266e+02 0.000000000000000000e+00
3.179012000000000171e+02 0.000000000000000000e+00
3.179266999999999825e+02 0.000000000000000000e+00
3.179522000000000048e+02 0.000000000000000000e+00
3.179775999999999954e+02 0.000000000000000000e+00
3.180031000000000176e+02 0.000000000000000000e+00
3.180285999999999831e+02 0.000000000000000000e+00
3.180539999999999736e+02 0.000000000000000000e+00
3.180794999999999959e+02 0.000000000000000000e+00
3.181050000000000182e+02 0.000000000000000000e+00
3.181304000000000087e+02 0.000000000000000000e+00
3.181558999999999742e+02 0.000000000000000000e+00
3.181813999999999965e+02 0.000000000000000000e+00
3.182067999999999870e+02 0.000000000000000000e+00
3.182323000000000093e+02 0.000000000000000000e+00
3.182577999999999747e+02 0.000000000000000000e+00
3.182832000000000221e+02 0.000000000000000000e+00
3.183086999999999875e+02 0.000000000000000000e+00
3.183342000000000098e+02 0.000000000000000000e+00
3.183596000000000004e+02 0.000000000000000000e+00
3.183851000000000226e+02 0.000000000000000000e+00
3.184105999999999881e+02 0.000000000000000000e+00
3.184359999999999786e+02 1.189130999999999983e-05
3.184615000000000009e+02 0.000000000000000000e+00
3.184870000000000232e+02 1.189130999999999983e-05
3.185124000000000137e+02 1.189130999999999983e-05
3.185378999999999792e+02 1.189130999999999983e-05
3.185634000000000015e+02 4.756525000000000000e-05
3.185887999999999920e+02 1.308043999999999906e-04
3.186143000000000143e+02 2.378263000000000035e-04
3.186397999999999797e+02 3.091740999999999847e-04
3.186652000000000271e+02 5.232178000000000306e-04
3.186906999999999925e+02 1.034544000000000089e-03
3.187162000000000148e+02 1.866936000000000030e-03
3.187416000000000054e+02 2.437719000000000084e-03
3.187671000000000276e+02 4.340329000000000409e-03
3.187925999999999931e+02 6.326179000000000351e-03
3.188179999999999836e+02 1.036923000000000011e-02
3.188435000000000059e+02 1.531600999999999969e-02
3.188690000000000282e+02 2.314050000000000135e-02
3.188944000000000187e+02 3.375944000000000167e-02
3.189198999999999842e+02 4.937272999999999662e-02
3.189454000000000065e+02 6.803019999999999901e-02
3.189707999999999970e+02 9.313277000000000361e-02
3.189963000000000193e+02 1.250846999999999931e-01
3.190217999999999847e+02 1.651702999999999921e-01
3.190471999999999753e+02 2.155419000000000085e-01
3.190726999999999975e+02 2.728105000000000113e-01
3.190982000000000198e+02 3.352161000000000168e-01
3.191236000000000104e+02 4.090731000000000228e-01
3.191490999999999758e+02 4.804090999999999778e-01
3.191745999999999981e+02 5.541589999999999572e-01
3.191999999999999886e+02 6.290504999999999569e-01
3.192255000000000109e+02 7.041321999999999859e-01
3.192509999999999764e+02 7.692727999999999788e-01
3.192764000000000237e+02 8.278613000000000222e-01
3.193018999999999892e+02 8.758666000000000507e-01
3.193274000000000115e+02 9.128009999999999735e-01
3.193528000000000020e+02 9.391283999999999743e-01
3.193783000000000243e+02 9.612462000000000506e-01
3.194037999999999897e+02 9.670492000000000532e-01
3.194291999999999803e+02 9.724715999999999916e-01
3.194547000000000025e+02 9.783102000000000187e-01
3.194802000000000248e+02 9.829122000000000137e-01
3.195056000000000154e+02 9.882632999999999557e-01
3.195310999999999808e+02 9.888459000000000554e-01
3.195566000000000031e+02 9.928652000000000033e-01
3.195819999999999936e+02 9.891550999999999538e-01
3.196075000000000159e+02 9.890600000000000502e-01
3.196329999999999814e+02 9.871336000000000555e-01
3.196583999999999719e+02 9.919615000000000515e-01
3.196838999999999942e+02 9.903560999999999614e-01
3.197094000000000165e+02 9.821391999999999900e-01
3.197348000000000070e+02 9.935787000000000369e-01
3.197602999999999724e+02 9.816755000000000342e-01
3.197857999999999947e+02 9.910934000000000133e-01
3.198111999999999853e+02 9.957548000000000510e-01
3.198367000000000075e+02 9.928533000000000497e-01
3.198621999999999730e+02 9.931744000000000128e-01
3.198876000000000204e+02 9.908318000000000403e-01
3.199130999999999858e+02 9.902967000000000297e-01
3.199386000000000081e+02 9.891670000000000185e-01
3.199639999999999986e+02 9.905583000000000027e-01
3.199895000000000209e+02 9.870860000000000190e-01
3.200149999999999864e+02 9.904513000000000345e-01
3.200403999999999769e+02 9.929485000000000117e-01
3.200658999999999992e+02 9.966941999999999746e-01
3.200914000000000215e+02 9.878352000000000244e-01
3.201168000000000120e+02 9.881086999999999509e-01
3.201422999999999774e+02 9.901064000000000531e-01
3.201677999999999997e+02 9.881444000000000338e-01
3.201931999999999903e+02 9.951126999999999612e-01
3.202187000000000126e+02 9.921516999999999697e-01
3.202441999999999780e+02 9.929365999999999470e-01
3.202696000000000254e+02 9.948510999999999882e-01
3.202950999999999908e+02 9.953385999999999623e-01
3.203206000000000131e+02 9.893096999999999586e-01
3.203460000000000036e+02 9.965990999999999600e-01
3.203715000000000259e+02 9.906059000000000392e-01
3.203969999999999914e+02 9.904988000000000126e-01
3.204223999999999819e+02 9.879778999999999645e-01
3.204479000000000042e+02 9.870503999999999944e-01
3.204734000000000265e+02 9.937808000000000197e-01
3.204988000000000170e+02 9.927700999999999887e-01
3.205242999999999824e+02 9.869314000000000142e-01
3.205498000000000047e+02 9.876568000000000014e-01
3.205751999999999953e+02 9.970866000000000451e-01
3.206007000000000176e+02 9.930198000000000080e-01
3.206261999999999830e+02 9.933051999999999992e-01
3.206515999999999735e+02 9.977525000000000421e-01
3.206770999999999958e+02 9.972054999999999669e-01
3.207026000000000181e+02 1.000000000000000000e+00
3.207280000000000086e+02 9.859683000000000197e-01
3.207534999999999741e+02 9.888696999999999626e-01
3.207789999999999964e+02 9.958974999999999911e-01
3.208043999999999869e+02 9.960282999999999776e-01
3.208299000000000092e+02 9.905701999999999563e-01
3.208553999999999746e+02 9.878352000000000244e-01
3.208808000000000220e+02 9.898329000000000155e-01
3.209062999999999874e+02 9.905344999999999844e-01
3.209318000000000097e+02 9.830430000000000001e-01
3.209572000000000003e+02 9.848029000000000366e-01
3.209827000000000226e+02 9.969557999999999476e-01
3.210081999999999880e+02 9.933170999999999529e-01
3.210335999999999785e+02 9.959926000000000057e-01
3.210591000000000008e+02 9.882275999999999838e-01
3.210846000000000231e+02 9.948867000000000127e-01
3.211100000000000136e+02 9.968844999999999512e-01
3.211354999999999791e+02 9.914977000000000373e-01
3.211610000000000014e+02 9.854211999999999971e-01
3.211863999999999919e+02 9.854568999999999690e-01
3.212119000000000142e+02 9.905226000000000308e-01
3.212373999999999796e+02 9.939354000000000244e-01
3.212628000000000270e+02 9.895475000000000243e-01
3.212882999999999925e+02 9.962185999999999542e-01
3.213138000000000147e+02 9.894404999999999450e-01
3.213392000000000053e+02 9.943397000000000485e-01
3.213647000000000276e+02 9.944467999999999641e-01
3.213901999999999930e+02 9.943634999999999557e-01
3.214155999999999835e+02 9.885724000000000178e-01
3.214411000000000058e+02 9.903680000000000261e-01
3.214666000000000281e+02 9.911052999999999669e-01
3.214920000000000186e+02 9.903560999999999614e-01
3.215174999999999841e+02 9.892859000000000513e-01
3.215430000000000064e+02 9.900231999999999921e-01
3.215683999999999969e+02 9.889411000000000174e-01
3.215939000000000192e+02 9.907129000000000074e-01
3.216193999999999846e+02 9.932813999999999810e-01
3.216447999999999752e+02 9.928295000000000314e-01
3.216702999999999975e+02 9.958856000000000375e-01
3.216958000000000197e+02 9.926867999999999803e-01
3.217212000000000103e+02 9.883345999999999520e-01
3.217466999999999757e+02 9.935787000000000369e-01
3.217721999999999980e+02 9.903680000000000261e-01
3.217975999999999885e+02 9.944823999999999886e-01
3.218231000000000108e+02 9.963136999999999688e-01
3.218485999999999763e+02 9.936262999999999623e-01
3.218740000000000236e+02 9.908436999999999939e-01
3.218994999999999891e+02 9.872644000000000419e-01
3.219250000000000114e+02 9.916760999999999493e-01
3.219504000000000019e+02 9.931387000000000409e-01
3.219759000000000242e+02 9.860396000000000161e-01
3.220013999999999896e+02 9.797609999999999930e-01
3.220267999999999802e+02 9.633272000000000501e-01
3.220523000000000025e+02 9.447529999999999539e-01
3.220778000000000247e+02 9.208870999999999585e-01
3.221032000000000153e+02 8.735239999999999672e-01
3.221286999999999807e+02 8.173494000000000037e-01
3.221542000000000030e+02 7.325644000000000045e-01
3.221795999999999935e+02 6.266009000000000162e-01
3.222051000000000158e+02 5.127178000000000013e-01
3.222305999999999813e+02 3.940780999999999867e-01
3.222559999999999718e+02 2.745823000000000014e-01
3.222814999999999941e+02 1.720791999999999877e-01
3.223070000000000164e+02 9.572506999999999544e-02
3.223324000000000069e+02 4.620964000000000321e-02
3.223578999999999724e+02 1.764670999999999948e-02
3.223833999999999946e+02 5.267851999999999951e-03
3.224087999999999852e+02 1.272371000000000005e-03
3.224343000000000075e+02 1.664783999999999882e-04
3.224597999999999729e+02 0.000000000000000000e+00
3.224852000000000203e+02 0.000000000000000000e+00
3.225106999999999857e+02 0.000000000000000000e+00
3.225362000000000080e+02 0.000000000000000000e+00
3.225615999999999985e+02 0.000000000000000000e+00
3.225871000000000208e+02 0.000000000000000000e+00
3.226125999999999863e+02 0.000000000000000000e+00
3.226379999999999768e+02 0.000000000000000000e+00
3.226634999999999991e+02 0.000000000000000000e+00
3.226890000000000214e+02 0.000000000000000000e+00
3.227144000000000119e+02 0.000000000000000000e+00
3.227398999999999774e+02 0.000000000000000000e+00
3.227653999999999996e+02 0.000000000000000000e+00
3.227907999999999902e+02 0.000000000000000000e+00
3.228163000000000125e+02 0.000000000000000000e+00
3.228417999999999779e+02 0.000000000000000000e+00
3.228672000000000253e+02 0.000000000000000000e+00
3.228926999999999907e+02 0.000000000000000000e+00
3.229182000000000130e+02 0.000000000000000000e+00
3.229436000000000035e+02 0.000000000000000000e+00
3.229691000000000258e+02 0.000000000000000000e+00
3.229945999999999913e+02 0.000000000000000000e+00
3.230199999999999818e+02 0.000000000000000000e+00
3.230455000000000041e+02 0.000000000000000000e+00
3.230710000000000264e+02 0.000000000000000000e+00
3.230964000000000169e+02 0.000000000000000000e+00
3.231218999999999824e+02 0.000000000000000000e+00
3.231474000000000046e+02 0.000000000000000000e+00
3.231727999999999952e+02 0.000000000000000000e+00
3.231983000000000175e+02 0.000000000000000000e+00
3.232237999999999829e+02 0.000000000000000000e+00
3.232491999999999734e+02 0.000000000000000000e+00
3.232746999999999957e+02 0.000000000000000000e+00
3.233002000000000180e+02 0.000000000000000000e+00
3.233256000000000085e+02 0.000000000000000000e+00
3.233510999999999740e+02 0.000000000000000000e+00
3.233765999999999963e+02 0.000000000000000000e+00
3.234019999999999868e+02 0.000000000000000000e+00
3.234275000000000091e+02 0.000000000000000000e+00
3.234529999999999745e+02 0.000000000000000000e+00
3.234784000000000219e+02 0.000000000000000000e+00
3.235038999999999874e+02 0.000000000000000000e+00
3.235294000000000096e+02 0.000000000000000000e+00
3.235548000000000002e+02 0.000000000000000000e+00
3.235803000000000225e+02 0.000000000000000000e+00
3.236057999999999879e+02 0.000000000000000000e+00
3.236311999999999784e+02 0.000000000000000000e+00
3.236567000000000007e+02 0.000000000000000000e+00
3.236822000000000230e+02 0.000000000000000000e+00
3.237076000000000136e+02 0.000000000000000000e+00
3.237330999999999790e+02 0.000000000000000000e+00
