3.216875999999999749e+02 0.000000000000000000e+00
3.216979000000000042e+02 0.000000000000000000e+00
3.217081999999999766e+02 0.000000000000000000e+00
3.217185000000000059e+02 0.000000000000000000e+00
3.217287999999999784e+02 0.000000000000000000e+00
3.217391000000000076e+02 0.000000000000000000e+00
3.217493999999999801e+02 0.000000000000000000e+00
3.217597000000000094e+02 0.000000000000000000e+00
3.217699999999999818e+02 0.000000000000000000e+00
3.217803000000000111e+02 0.000000000000000000e+00
3.217905000000000086e+02 0.000000000000000000e+00
3.218007999999999811e+02 0.000000000000000000e+00
3.218111000000000104e+02 0.000000000000000000e+00
3.218213999999999828e+02 0.000000000000000000e+00
3.218317000000000121e+02 0.000000000000000000e+00
3.218419999999999845e+02 0.000000000000000000e+00
3.218523000000000138e+02 0.000000000000000000e+00
3.218625999999999863e+02 0.000000000000000000e+00
3.218729000000000156e+02 0.000000000000000000e+00
3.218831999999999880e+02 1.941220000000000025e-05
3.218933999999999855e+02 0.000000000000000000e+00
3.219037000000000148e+02 0.000000000000000000e+00
3.219139999999999873e+02 0.000000000000000000e+00
3.219243000000000166e+02 0.000000000000000000e+00
3.219345999999999890e+02 0.000000000000000000e+00
3.219449000000000183e+02 9.706099000000000733e-06
3.219551999999999907e+02 9.706099000000000733e-06
3.219655000000000200e+02 1.941220000000000025e-05
3.219757999999999925e+02 9.706099000000000733e-06
3.219861000000000217e+02 0.000000000000000000e+00
3.219963000000000193e+02 1.941220000000000025e-05
3.220065999999999917e+02 1.941220000000000025e-05
3.220169000000000210e+02 2.911829999999999868e-05
3.220271999999999935e+02 2.911829999999999868e-05
3.220375000000000227e+02 9.706099000000000733e-06
3.220477999999999952e+02 4.853049999999999893e-05
3.220581000000000245e+02 6.794270000000000257e-05
3.220683999999999969e+02 6.794270000000000257e-05
3.220787000000000262e+02 1.164731999999999947e-04
3.220889999999999986e+02 1.261792999999999932e-04
3.220991999999999962e+02 5.823659999999999736e-05
3.221095000000000255e+02 9.706098999999999716e-05
3.221197999999999979e+02 1.164731999999999947e-04
3.221301000000000272e+02 2.135341999999999926e-04
3.221403999999999996e+02 1.067670999999999963e-04
3.221506999999999721e+02 2.426525000000000014e-04
3.221610000000000014e+02 2.232403000000000046e-04
3.221712999999999738e+02 2.426525000000000014e-04
3.221816000000000031e+02 3.300073999999999738e-04
3.221918999999999755e+02 4.173623000000000003e-04
3.222020999999999731e+02 4.173623000000000003e-04
3.222124000000000024e+02 3.397135000000000129e-04
3.222226999999999748e+02 6.211904000000000080e-04
3.222330000000000041e+02 9.317855000000000321e-04
3.222432999999999765e+02 9.609037999999999868e-04
3.222536000000000058e+02 1.087082999999999973e-03
3.222638999999999783e+02 1.213262000000000108e-03
3.222742000000000075e+02 1.320030000000000031e-03
3.222844999999999800e+02 1.688861000000000051e-03
3.222948000000000093e+02 2.018868999999999959e-03
3.223050000000000068e+02 2.115929999999999808e-03
3.223152999999999793e+02 2.174165999999999946e-03
3.223256000000000085e+02 2.902123999999999850e-03
3.223358999999999810e+02 3.542725999999999948e-03
3.223462000000000103e+02 3.523314000000000046e-03
3.223564999999999827e+02 4.532747999999999639e-03
3.223668000000000120e+02 5.299530000000000213e-03
3.223770999999999844e+02 6.027488000000000117e-03
3.223874000000000137e+02 6.833093999999999626e-03
3.223976999999999862e+02 7.599876000000000201e-03
3.224078999999999837e+02 8.822843999999999826e-03
3.224182000000000130e+02 1.009434000000000026e-02
3.224284999999999854e+02 1.158907999999999987e-02
3.224388000000000147e+02 1.257909999999999931e-02
3.224490999999999872e+02 1.550063999999999956e-02
3.224594000000000165e+02 1.681095999999999979e-02
3.224696999999999889e+02 1.841247000000000023e-02
3.224800000000000182e+02 2.130488999999999994e-02
3.224902999999999906e+02 2.369258999999999948e-02
3.225006000000000199e+02 2.753620000000000026e-02
3.225108000000000175e+02 3.076832999999999999e-02
3.225210999999999899e+02 3.584462000000000065e-02
3.225314000000000192e+02 4.069766999999999829e-02
3.225416999999999916e+02 4.412392999999999871e-02
3.225520000000000209e+02 4.947199000000000041e-02
3.225622999999999934e+02 5.647009000000000056e-02
3.225726000000000226e+02 6.280816999999999650e-02
3.225828999999999951e+02 7.019451000000000163e-02
3.225932000000000244e+02 7.925029999999999575e-02
3.226034999999999968e+02 8.641340000000000132e-02
3.226136999999999944e+02 9.643980000000000607e-02
3.226240000000000236e+02 1.076017999999999974e-01
3.226342999999999961e+02 1.186085000000000056e-01
3.226446000000000254e+02 1.333326999999999984e-01
3.226548999999999978e+02 1.438056000000000056e-01
3.226652000000000271e+02 1.583452999999999944e-01
3.226754999999999995e+02 1.753891999999999951e-01
3.226857999999999720e+02 1.911906999999999912e-01
3.226961000000000013e+02 2.111368000000000134e-01
3.227063999999999737e+02 2.288019000000000025e-01
3.227166000000000281e+02 2.512714999999999810e-01
3.227269000000000005e+02 2.735760999999999887e-01
3.227371999999999730e+02 2.967543000000000264e-01
3.227475000000000023e+02 3.210389000000000159e-01
3.227577999999999747e+02 3.504580999999999946e-01
3.227681000000000040e+02 3.769071999999999978e-01
3.227783999999999764e+02 4.024827999999999739e-01
3.227887000000000057e+02 4.311545999999999990e-01
3.227989999999999782e+02 4.606999999999999984e-01
3.228093000000000075e+02 4.960592999999999808e-01
3.228195000000000050e+02 5.281282999999999950e-01
3.228297999999999774e+02 5.649629000000000456e-01
3.228401000000000067e+02 5.969735999999999931e-01
3.228503999999999792e+02 6.261113000000000373e-01
3.228607000000000085e+02 6.620724000000000053e-01
3.228709999999999809e+02 6.927533999999999637e-01
3.228813000000000102e+02 7.243855999999999629e-01
3.228915999999999826e+02 7.599778999999999840e-01
3.229019000000000119e+02 7.921245000000000092e-01
3.229121999999999844e+02 8.230189999999999451e-01
3.229223999999999819e+02 8.474298000000000108e-01
3.229327000000000112e+02 8.730248000000000452e-01
3.229429999999999836e+02 8.915731999999999546e-01
3.229533000000000129e+02 9.178184999999999816e-01
3.229635999999999854e+02 9.309022999999999604e-01
3.229739000000000146e+02 9.497417999999999694e-01
3.229841999999999871e+02 9.633886000000000394e-01
3.229945000000000164e+02 9.670187000000000088e-01
3.230047999999999888e+02 9.771518000000000148e-01
3.230151000000000181e+02 9.826745999999999537e-01
3.230253000000000156e+02 9.864600000000000035e-01
3.230355999999999881e+02 9.824513999999999747e-01
3.230459000000000174e+02 9.934484000000000092e-01
3.230561999999999898e+02 1.000000000000000000e+00
3.230665000000000191e+02 9.899251000000000023e-01
3.230767999999999915e+02 9.941375000000000073e-01
3.230871000000000208e+02 9.906239000000000017e-01
3.230973999999999933e+02 9.927397999999999501e-01
3.231077000000000226e+02 9.874500000000000499e-01
3.231179999999999950e+02 9.884011999999999798e-01
3.231281999999999925e+02 9.947586999999999957e-01
3.231385000000000218e+02 9.938559999999999617e-01
3.231487999999999943e+02 9.894106000000000289e-01
3.231591000000000236e+02 9.957681000000000449e-01
3.231693999999999960e+02 9.951372000000000551e-01
3.231797000000000253e+02 9.946422000000000319e-01
3.231899999999999977e+02 9.994176000000000171e-01
3.232003000000000270e+02 9.938462999999999603e-01
3.232105999999999995e+02 9.966707999999999679e-01
3.232208999999999719e+02 9.998738000000000348e-01
3.232311000000000263e+02 9.996505999999999448e-01
3.232413999999999987e+02 9.909151000000000487e-01
3.232517000000000280e+02 9.889932999999999641e-01
3.232620000000000005e+02 9.909054000000000473e-01
3.232722999999999729e+02 9.926525000000000487e-01
3.232826000000000022e+02 9.866152999999999729e-01
3.232928999999999746e+02 9.941957999999999629e-01
3.233032000000000039e+02 9.912450999999999901e-01
3.233134999999999764e+02 9.945452000000000181e-01
3.233238000000000056e+02 9.933125000000000426e-01
3.233340000000000032e+02 9.970396000000000258e-01
3.233442999999999756e+02 9.871491000000000016e-01
3.233546000000000049e+02 9.918371999999999744e-01
3.233648999999999774e+02 9.868774000000000157e-01
3.233752000000000066e+02 9.941181000000000045e-01
3.233854999999999791e+02 9.920312999999999493e-01
3.233958000000000084e+02 9.884302999999999839e-01
3.234060999999999808e+02 9.888865000000000016e-01
3.234164000000000101e+02 9.936618999999999868e-01
3.234266999999999825e+02 9.993303000000000047e-01
3.234368999999999801e+02 9.908082999999999751e-01
3.234472000000000094e+02 9.946131000000000277e-01
3.234574999999999818e+02 9.888962000000000030e-01
3.234678000000000111e+02 9.870811999999999919e-01
3.234780999999999835e+02 9.885758999999999519e-01
3.234884000000000128e+02 9.878673999999999511e-01
3.234986999999999853e+02 9.921963000000000310e-01
3.235090000000000146e+02 9.818107999999999835e-01
3.235192999999999870e+02 9.890126999999999668e-01
3.235296000000000163e+02 9.877896999999999927e-01
3.235398000000000138e+02 9.815390000000000503e-01
3.235500999999999863e+02 9.800830999999999849e-01
3.235604000000000156e+02 9.795395000000000074e-01
3.235706999999999880e+02 9.772585999999999773e-01
3.235810000000000173e+02 9.699887000000000370e-01
3.235912999999999897e+02 9.717164000000000357e-01
3.236016000000000190e+02 9.561866999999999450e-01
3.236118999999999915e+02 9.615055999999999603e-01
3.236222000000000207e+02 9.597584999999999589e-01
3.236324999999999932e+02 9.423943000000000181e-01
3.236426999999999907e+02 9.437434000000000101e-01
3.236530000000000200e+02 9.273789999999999534e-01
3.236632999999999925e+02 9.202740999999999838e-01
3.236736000000000217e+02 9.105777000000000454e-01
3.236838999999999942e+02 8.926699999999999635e-01
3.236942000000000235e+02 8.826241000000000225e-01
3.237044999999999959e+02 8.612900999999999474e-01
3.237148000000000252e+02 8.439162000000000052e-01
3.237250999999999976e+02 8.229509999999999881e-01
3.237354000000000269e+02 8.028982000000000063e-01
3.237456000000000245e+02 7.733432000000000084e-01
3.237558999999999969e+02 7.459525999999999657e-01
3.237662000000000262e+02 7.228132000000000446e-01
3.237764999999999986e+02 6.817079000000000333e-01
3.237868000000000279e+02 6.456108999999999876e-01
3.237971000000000004e+02 5.931009000000000420e-01
3.238073999999999728e+02 5.449878000000000222e-01
3.238177000000000021e+02 4.927592000000000083e-01
3.238279999999999745e+02 4.288058000000000147e-01
3.238383000000000038e+02 3.635807999999999818e-01
3.238485000000000014e+02 2.970940000000000247e-01
3.238587999999999738e+02 2.299471999999999905e-01
3.238691000000000031e+02 1.655957999999999875e-01
3.238793999999999755e+02 1.084268000000000037e-01
3.238897000000000048e+02 6.333229999999999416e-02
3.238999999999999773e+02 3.138952999999999882e-02
3.239103000000000065e+02 1.303528999999999972e-02
3.239205999999999790e+02 3.843614999999999879e-03
3.239309000000000083e+02 7.182513000000000395e-04
3.239411999999999807e+02 1.164731999999999947e-04
3.239513999999999783e+02 0.000000000000000000e+00
3.239617000000000075e+02 0.000000000000000000e+00
3.239719999999999800e+02 0.000000000000000000e+00
3.239823000000000093e+02 0.000000000000000000e+00
3.239925999999999817e+02 0.000000000000000000e+00
3.240029000000000110e+02 0.000000000000000000e+00
3.240131999999999834e+02 0.000000000000000000e+00
3.240235000000000127e+02 0.000000000000000000e+00
3.240337999999999852e+02 0.000000000000000000e+00
3.240441000000000145e+02 0.000000000000000000e+00
3.240543000000000120e+02 0.000000000000000000e+00
3.240645999999999844e+02 0.000000000000000000e+00
3.240749000000000137e+02 0.000000000000000000e+00
3.240851999999999862e+02 0.000000000000000000e+00
3.240955000000000155e+02 0.000000000000000000e+00
3.241057999999999879e+02 0.000000000000000000e+00
3.241161000000000172e+02 0.000000000000000000e+00
3.241263999999999896e+02 0.000000000000000000e+00
3.241367000000000189e+02 0.000000000000000000e+00
3.241469999999999914e+02 0.000000000000000000e+00
3.241571999999999889e+02 0.000000000000000000e+00
3.241675000000000182e+02 0.000000000000000000e+00
3.241777999999999906e+02 0.000000000000000000e+00
3.241881000000000199e+02 0.000000000000000000e+00
3.241983999999999924e+02 0.000000000000000000e+00
3.242087000000000216e+02 0.000000000000000000e+00
3.242189999999999941e+02 0.000000000000000000e+00
3.242293000000000234e+02 0.000000000000000000e+00
3.242395999999999958e+02 0.000000000000000000e+00
3.242499000000000251e+02 0.000000000000000000e+00
